22222222221111111222222222222222222222222222222222
22222222211111111122222222222222222222222222222222
22222222111111111112222222222222222222222222222222
22224721111111111111222222222222222222222222222222
22222211111111111111122222222222222222222222222222
22222221111111111111112222222222222222222222222222
22222211111111111111122222222222222222222222222222
22222111111111111111112222222222222222222222222222
22222211111111111111122222222222222222222222222222
22222221111111111111112222222222222222222222222222
22222211111111111111122222222222222222222222222222
22222221111111111111222202222222222222222222222222
22222222111111111111122000202222222222222222222222
22222222211111111111224000000222222222222222222222
22222222221111111111141404000022222222222222222222
22222222222111111111111144400002222222222222222222
22222222221111111111111444440000222222222222222222
22222222221111111111114444444000022222222222222222
22222222221111111111114444444400002222222222222222
22222222222111111111114444444440000222222222222222
22222222222211111111144444444444000022222222222222
22222222222221111111444444444444400002222222222222
22222222222220141114444444444444400000222222222222
22222222222222444144444444444444400002222222222222
22222222222223044444444444444444440000222222222222
22222222222223004443444444444444400002222222222222
22222222222223044443444444444444440000222222222222
22222222222222004443444444444444400002222222222222
22222222222220044443444444444444000000222222222222
22222222222222004443444444444440000002222222222222
22222222222222200443444444444400000022222222222222
22222222222222220043444444444000000222222222222222
22222222222222222003444444440000002222222222222222
22222222222222222200344444400000022222222222222222
22222222222222222220040444000000222222222222222222
22222222222222222222000000000002222222222222222222
22222222222222222222200000222022222222222222222222
22222222222222222222220022222222222222222222222222
22222222222222222222222222222222222222222222222222
22222222222222222222222222222222222222222222222222
22222222222222222222222222222222222222222222222222
22222222222222222222222222222222222222222222222222
22222222222222222222222222222222222222222222222222
22222222222222222222222222222222222222222222222222
22222222222222222222222222222222222222222222222222
22222222222222222222222222222222222222222222222222
22222222222222222222222222222222222222222222222222
22222222222222222222222222222222222222222222222222
22222222222222222222222222222222222222222222222222
22222222222222222222222222222222222222222222222222